#1
2.433
2.863
3.887
4.278
5.390
5.802
6.910
7.382
8.446
8.782
9.908
10.291
11.373
11.799
12.898
13.212
14.311
14.389
15.474
16.579
17.149
17.967
18.386
19.515
19.860
23.180
23.341
23.498
23.945
24.222
25.010
25.337
25.754
27.567
29.807
31.276
31.619
33.514
35.751
37.187
38.001
39.057
40.157
40.664
41.415
41.812
42.632
43.368
43.568
46.734
47.922
48.569
48.970
49.253
51.168
53.304
54.894
57.097
59.310
60.795
#2
14.574
16.837
16.962
19.119
19.626
20.028
21.713
22.082
22.452
24.650
25.953
26.885
28.327
29.807
31.276
31.747
32.827
34.295
35.751
37.187
38.187
40.308
40.516
43.078
43.465
45.305
45.635
46.024
48.262
49.506
50.749
51.876
53.304
54.894
55.200
55.387
56.367
57.823
59.310
60.795
#3
3.243
4.678
6.173
7.702
9.164
10.634
12.114
13.638
14.769
15.023
15.806
16.202
17.312
17.669
18.069
18.422
18.793
20.338
20.462
20.772
20.971
26.111
29.019
29.398
29.807
30.537
30.874
31.276
31.997
34.929
35.336
35.751
36.464
36.803
37.187
38.331
38.698
39.639
39.793
40.910
41.236
41.663
41.994
42.338
43.794
44.003
44.368
44.603
46.879
47.002
47.257
47.490
49.724
52.599
52.962
53.304
54.128
54.488
54.894
55.600
58.511
58.921
59.310
60.114
60.362
60.795